global_age_dist_deaths <-
c(`0` = 7.50256099000749e-06, `10` = 0.000158562482332732, `20` = 0.000786093479962095, 
`30` = 0.0021151818477042, `40` = 0.00455113041278538, `50` = 0.0172222460703683, 
`60` = 0.0663328434683261, `70` = 0.248264187590317, `80` = 0.660562252087214
)
